image_width: 1280
image_height: 720
camera_name: head_camera
camera_matrix:
  rows: 3
  cols: 3
  data: [1027.19275, 0, 632.973288, 0, 1025.267285, 359.274316, 0, 0, 1]
distortion_model: plumb_bob
distortion_coefficients:
  rows: 1
  cols: 5
  data: [0.043413, -0.030019, -0.003717, 0.000852, 0]
rectification_matrix:
  rows: 3
  cols: 3
  data: [1, 0, 0, 0, 1, 0, 0, 0, 1]
projection_matrix:
  rows: 3
  cols: 4
  data: [1043.515625, 0, 633.622218, 0, 0, 1039.421509, 355.967979, 0, 0, 0, 1, 0]