# oST version 5.0 parameters


[image]

width
1280

height
720

[narrow_stereo]

camera matrix
1027.192750 0.000000 632.973288
0.000000 1025.267285 359.274316
0.000000 0.000000 1.000000

distortion
0.043413 -0.030019 -0.003717 0.000852 0.000000

rectification
1.000000 0.000000 0.000000
0.000000 1.000000 0.000000
0.000000 0.000000 1.000000

projection
1043.515625 0.000000 633.622218 0.000000
0.000000 1039.421509 355.967979 0.000000
0.000000 0.000000 1.000000 0.000000

